0 2 2 0 0
1 0 0 0 0
2 1 0 0 0
3 2 0 0 0
4 3 0 0 0
5 4 0 0 0
6 5 0 0 0
7 6 0 0 0
8 7 0 0 0
9 8 0 0 0
10 9 0 0 0
11 0 1 0 0
12 1 1 0 0
13 2 1 0 0
14 3 1 0 0
15 4 1 0 0
16 5 1 0 0
17 6 1 0 0
18 7 1 0 0
19 8 1 0 0
20 9 1 0 0
21 0 2 1 0
22 1 2 1 0
23 2 2 1 0
24 3 2 1 0
25 4 2 1 0
26 5 2 1 0
27 6 2 1 0
28 7 2 1 0
29 8 2 1 0
30 9 2 1 0
31 0 3 1 0
32 1 3 1 0
33 2 3 1 0
34 3 3 1 0
35 4 3 1 0
36 5 3 1 0
37 6 3 1 0
38 7 3 1 0
39 8 3 1 0
40 9 3 1 0
41 0 4 1 0
42 1 4 1 0
43 2 4 1 0
44 3 4 1 0
45 4 4 1 0
46 5 4 1 0
47 6 4 1 0
48 7 4 1 0
49 8 4 1 0
50 9 4 1 0
51 0 5 1 0
52 1 5 1 0
53 2 5 1 0
54 3 5 1 0
55 4 5 1 0
56 5 5 1 0
57 6 5 1 0
58 7 5 1 0
59 8 5 1 0
60 9 5 1 0
61 0 6 0 0
62 1 6 0 0
63 2 6 0 0
64 3 6 0 0
65 4 6 0 0
66 5 6 0 0
67 6 6 0 0
68 7 6 0 0
69 8 6 0 0
70 9 6 0 0
71 0 7 1 0
72 1 7 1 0
73 2 7 1 0
74 3 7 1 0
75 4 7 0 0
76 5 7 0 0
77 6 7 0 0
78 7 7 0 0
79 8 7 0 0
80 9 7 1 0
81 0 8 1 0
82 1 8 1 0
83 2 8 1 0
84 3 8 0 0
85 4 8 0 0
86 5 8 0 0
87 6 8 0 0
88 7 8 0 0
89 8 8 0 0
90 9 8 1 0
91 0 9 1 0
92 1 9 1 0
93 2 9 1 0
94 3 9 0 0
95 4 9 0 0
96 5 9 0 0
97 6 9 0 0
98 7 9 0 0
99 8 9 0 0
100 9 9 0 0
